"ChatGPT_0" "ChatGPT_1" "ChatGPT_10" "ChatGPT_11" "ChatGPT_12" "ChatGPT_13" "ChatGPT_14" "ChatGPT_15" "ChatGPT_16" "ChatGPT_17" "ChatGPT_18" "ChatGPT_19" "ChatGPT_2" "ChatGPT_20" "ChatGPT_21" "ChatGPT_22" "ChatGPT_23" "ChatGPT_24" "ChatGPT_25" "ChatGPT_26" "ChatGPT_27" "ChatGPT_28" "ChatGPT_29" "ChatGPT_3" "ChatGPT_30" "ChatGPT_31" "ChatGPT_32" "ChatGPT_33" "ChatGPT_4" "ChatGPT_5" "ChatGPT_6" "ChatGPT_7" "ChatGPT_8" "ChatGPT_9" "Jasper_0" "Jasper_1" "Jasper_10" "Jasper_11" "Jasper_12" "Jasper_13" "Jasper_14" "Jasper_15" "Jasper_2" "Jasper_3" "Jasper_4" "Jasper_5" "Jasper_6" "Jasper_7" "Jasper_8" "Jasper_9" "Perplexity_0" "Perplexity_1" "Perplexity_10" "Perplexity_11" "Perplexity_12" "Perplexity_13" "Perplexity_14" "Perplexity_15" "Perplexity_16" "Perplexity_17" "Perplexity_18" "Perplexity_19" "Perplexity_2" "Perplexity_20" "Perplexity_21" "Perplexity_22" "Perplexity_23" "Perplexity_24" "Perplexity_25" "Perplexity_26" "Perplexity_27" "Perplexity_28" "Perplexity_29" "Perplexity_3" "Perplexity_30" "Perplexity_31" "Perplexity_32" "Perplexity_33" "Perplexity_34" "Perplexity_35" "Perplexity_4" "Perplexity_5" "Perplexity_6" "Perplexity_7" "Perplexity_8" "Perplexity_9"
"ChatGPT_0" 0 0.64452885898473 0.750804552091245 0.789163274716795 0.528915670148081 0.884552704920297 1.08548193826086 1.05762300497819 0.873250734218609 0.89146446663228 0.853037649065087 0.621721906566027 0.527495142935547 0.655964011707665 0.827396884663499 0.811312839519181 0.742253925561688 0.863334166141811 0.975718794642059 0.640956647963142 0.81094864738337 0.804191722765188 0.711072182758063 0.756724740297109 0.613165946504791 0.955940287126351 0.939753177739862 0.896559119818349 0.661393850350466 0.794300542929624 0.817656954524025 0.815604463568621 0.963940609301043 0.675876901000391 0.667362633067819 0.772357131506419 0.744957810475956 0.793390846499694 0.861417968361313 0.859758172998332 0.913696465381128 0.852356962234556 0.750609766338367 0.765991330872552 0.819921117637591 0.771317827845527 0.816933948037669 0.862597445229698 0.804218214165376 0.816933948037669 0.540176322357373 0.669520342991334 0.842091911398396 0.783473560548829 0.73486901039508 1.01530975346062 0.87102255609357 0.992204871290463 0.860746325754438 0.888827815881614 0.988248654756212 0.690549283362908 0.533966847790386 0.743843650024507 0.894601022639848 0.739035784661168 0.877941424994243 0.860326199474431 1.07801390216142 0.944393557922466 0.986771037649915 0.595883270366892 1.10506570364205 0.868780188482389 0.918851651515264 0.738672011704572 0.81709824950599 1.02723530761505 1.00579312021725 0.721588296935227 0.805757314192092 0.80469344539587 0.739913580734961 0.832876032225891 0.866892034527767 0.752992335061618
"ChatGPT_1" 0.64452885898473 0 0.936547508160037 0.889872021688475 0.708450015264171 1.00518778615164 1.11890274982603 1.17659629940258 1.07426750655529 0.992337935844252 0.963208883682159 0.643443089935357 0.487774316979772 0.730141080152221 1.01338965889992 0.946635486012853 0.863665001020754 1.03389233760288 1.0596156050256 0.793153881061702 0.885505804354099 0.806292989865704 0.78842595106129 0.855302378227466 0.746411521676845 0.987320035761383 0.964016068865412 1.04439804542056 0.874992066622108 0.95788631458548 0.924871422533901 1.00908532516596 1.02826002779334 0.823352446934978 0.710840198805365 0.857594224325431 0.722688208910546 0.71210684187242 0.759343478406481 0.936987361955748 1.01321208720131 0.917474266628163 0.815508066392513 0.887019112350616 0.834328146217845 0.882824826515761 0.880246882623691 0.936115909768403 0.917931383661236 0.880246882623691 0.621159372512015 0.622537988980026 0.917618262983576 0.837612018460216 0.78078670797548 1.06500234653882 0.914571104840223 1.06367349784358 0.956818104521846 0.963344794751551 1.11967716040866 0.742910589427466 0.607366049503648 0.782654197030687 0.829810847761722 0.927356749197348 0.873599308852547 1.01248876082619 1.23891336185973 1.07870441173835 0.967895685548838 0.771921906137138 1.08472885107773 0.872244579286905 0.917447289278021 0.851046342738061 0.962153305962577 1.06278767998422 1.04445041630101 0.762249108426986 0.859574091385269 0.885969848213123 0.79426617673845 0.960514353070932 0.870467095475375 0.77217096638137
"ChatGPT_10" 0.750804552091245 0.936547508160037 0 0.860890338673646 0.838373867977415 0.944475111640545 1.0432174006259 1.01678616700286 0.964297038475284 0.930279461201239 0.936027936051425 0.863102150260795 0.935558868626432 0.934426503415227 0.849668029770659 0.809239495140687 0.887468699947232 0.800881064680395 0.966389059482325 0.853884298057948 0.76917989205197 0.959012429706204 0.871718178167447 0.870081632904394 0.785858678346102 0.780746111606253 0.825295333960401 0.75327575166571 0.656517715723663 0.718365105028123 0.743026436089619 0.746393172211425 1.02633999048082 0.967338831055034 0.721699351491598 0.777425978648772 1.08076296598952 0.955011357581912 0.952234246178367 0.914085366384559 0.845686928358516 0.850739948435156 0.837244680858172 0.680432976261383 0.810036820205365 0.866162241611822 0.702645566875019 0.846391433593361 0.829180141730738 0.702645566875019 0.865533781862609 0.903761128623676 0.841348263183339 0.828465971434302 1.0474678846826 1.00400185534911 0.997060575023606 0.924423188443058 0.829334063135471 0.903049724162113 0.980074276862626 0.972416334234948 0.849208728822091 1.01511223920475 1.07870165307566 0.77203122485842 0.953279119647428 0.843265891609488 1.05275935021588 0.778337750654155 0.813447992164274 0.832381862025233 1.07814104925687 0.846625204341789 1.05929281783719 1.04402541391673 0.962854126985908 1.12626377108107 1.04453201823595 0.681482925942368 0.660490737926077 0.917834126384156 0.7305378815529 0.755619882693416 0.902117655160052 0.862147130328539
"ChatGPT_11" 0.789163274716795 0.889872021688475 0.860890338673646 0 0.83926498065376 0.837749227064371 1.14990023794689 1.02267635103959 0.805842124854439 1.01098281160802 0.899663137155458 0.92324735767558 0.880216758024512 0.894679389227868 0.749365223428606 0.853086633699216 0.843249899545107 0.872010948879922 1.06168046039301 0.984327387293804 0.757060901288 0.970232493388702 0.968376499328317 0.836126809411768 0.85855117335783 1.04329643218927 1.0304913611692 1.04609410965406 0.752549345693463 0.710741413288564 0.753336005196168 0.77784579978065 0.989069448785018 0.873100397686881 0.835654641373261 0.813863002217072 1.01354826039968 0.917760932216413 0.904496245247073 0.956566224407844 0.895097173743401 0.78229490220605 0.875328251479222 0.807819833577977 0.813355785600741 0.859267307739912 0.767399335615154 0.893676302752791 0.847900762328298 0.767399335615154 0.857896306850556 0.909589450345756 0.882412796491525 0.848207562466945 0.913962172209334 0.945316387642409 0.975455015075956 0.885623481207915 0.866642064403608 0.726852130715845 0.91935926696347 0.961487630638198 0.914413199892417 1.01197863720971 1.10526872238389 0.896997673999115 0.803918188054582 0.849812357437374 1.18414246366233 1.02175620649357 0.96035369641747 0.839665603347563 1.22998020247389 0.973342141846432 1.0349901355452 1.03886396941713 1.03807176997321 1.10533189007807 0.973361436058815 0.799822258121508 0.784592440571507 0.885124616509615 0.799001148021884 0.786499363402303 0.934710283755345 1.00960042433477
"ChatGPT_12" 0.528915670148081 0.708450015264171 0.838373867977415 0.83926498065376 0 0.849753679869285 0.965842044012752 0.906850843588594 0.960488357146865 0.960712405671884 0.803558925638157 0.557786636125119 0.667884523692477 0.5238771906066 0.874516055359786 0.657938903006881 0.766181939120707 0.925517225490065 0.925647407729008 0.53079016836079 0.661568545348215 0.69189926770102 0.609641512881949 0.753845461317509 0.630517739992742 0.909078847307957 0.88967729770373 0.801350392538631 0.830696249557487 0.778692722694851 0.819297964850377 0.824229502773214 0.908935863959987 0.703422337933952 0.647684710911026 0.777158987872933 0.715816436737246 0.695601205771533 0.648486379575523 0.844690619373488 0.944852845979633 0.807950697668049 0.748979041223721 0.783409540489256 0.792094530310937 0.651481558054609 0.736303191689806 0.737538563311398 0.666086858268535 0.736303191689806 0.500189140493867 0.569333329796092 0.738540268339813 0.7343495672989 0.678579030497661 0.889730288144593 0.752301826989849 0.766759436098012 0.879562981500234 0.778361228573304 0.927035384984642 0.53463940630082 0.489895840851098 0.658066221353536 0.797163147814176 0.693325583470609 0.78336743627501 0.729880642695768 1.00618882162494 1.02384760204074 0.969034482690429 0.390706364302758 1.05283620169788 0.815506583358553 0.75232855861763 0.712235563598893 0.764288772198228 0.898921505401725 0.819378205470453 0.64008397366527 0.776569196179022 0.678149303104313 0.649977629130425 0.812990775546031 0.802012418573388 0.71409399243529
"ChatGPT_13" 0.884552704920297 1.00518778615164 0.944475111640545 0.837749227064371 0.849753679869285 0 0.888494647964496 0.699235523607647 1.10764115824298 1.00351418703856 0.980522249004361 0.893256234204258 0.976732483507775 0.827630963595127 1.03807736139568 0.841520970613315 0.859438513969317 0.891012976409259 1.16549278831078 0.978443132232536 0.842362833050807 0.853972263805653 0.966135100412114 1.09876124412496 0.895433988344998 0.988764692682545 0.968882772588912 0.976455667643664 0.864733711241533 0.808646522366104 0.861774724319854 0.918124049108388 1.02372379972879 0.815455615061789 0.860991927107599 0.842287906760129 0.962033559986076 0.860495030652617 0.895978958023935 1.03038883712586 0.823794412849309 0.81959082775099 0.878664646424726 0.828248723232391 0.84174688024345 0.833691572575944 0.636653344006635 0.941906543749552 0.924433263307036 0.636653344006635 0.933895335408389 1.00613651558135 0.988064612116459 0.969017072555446 0.896513398413448 0.809903003861894 0.825926720863962 0.766264523453335 1.01445888309919 0.930596466200427 1.18188823968072 0.919230720427562 0.912964046842409 0.988632471699955 0.971421363390099 0.903299133111208 1.10072564093829 1.06393924895845 1.42217725305973 1.08414144911121 1.05805986696316 0.894045296880789 1.18999631599831 1.07115255258699 0.911336702102852 1.00606931525365 1.00497949995944 1.12894428393718 1.07104465359579 0.92147610272659 0.857108798573986 0.994601832875602 0.818963253329982 0.962763389472372 1.05829780116672 0.887589612595815
"ChatGPT_14" 1.08548193826086 1.11890274982603 1.0432174006259 1.14990023794689 0.965842044012752 0.888494647964496 0 1.0490858666072 1.28759263661715 1.04515833737392 0.94861191631115 1.02202702594294 1.01987894511061 0.952347926861813 1.34056084944334 1.01199101871385 0.953606269263271 1.06706046519444 1.33195097584484 1.05380424767314 0.858844931791269 0.856892629840032 1.05501656815311 1.21307347385148 1.05391312156338 1.00261663559475 1.05367180494421 1.15881481480249 1.07252025330161 1.1236392920531 1.1013321117368 1.23363087253264 1.16798168462397 1.05846037928849 1.02269106984566 1.0908936219223 1.27264273440668 1.02354823341034 1.05068889894047 1.26267423702698 1.18765951236798 1.00261722467114 1.07390146519201 1.07440952134818 1.12399958255246 1.05380731049994 0.90747933835177 1.20195127760663 1.11080190526025 0.90747933835177 1.05468950245965 1.08701803985451 1.13892104530216 1.18452253111084 1.18938160013447 1.09582401575274 0.614127628689813 0.90369999463271 1.24222464536488 1.08814115966515 1.32828074592542 1.0066899388926 1.03627079318818 1.1707995446979 1.145130365367 1.07674800632573 1.31406869996748 1.19685357867395 1.44949138537579 1.3016373278254 1.1985029667734 1.01767383049249 1.27786386857678 1.11622761619523 1.0321551205877 1.17099561713631 1.11044153436563 1.12901032498355 1.04825750891168 0.972388303806591 1.13468650885259 1.14890057221367 1.04863966468983 1.18397412840009 1.20902099988054 0.904890626153664
"ChatGPT_15" 1.05762300497819 1.17659629940258 1.01678616700286 1.02267635103959 0.906850843588594 0.699235523607647 1.0490858666072 0 1.146980711437 1.15001110750296 1.06878638357401 1.05792968317377 1.1338166260559 1.01241968292066 1.27679389949828 1.02121654158119 0.991445821085993 0.994203513093109 1.21593387959622 1.12082069037062 0.945125109531297 1.04925666514515 1.07952004073951 1.23747478625263 1.09482603689333 1.05447260050061 1.03204084102089 1.03375332827244 1.04634378425016 0.994228050611168 0.999925510204152 1.07339988042365 1.1966350304409 1.03946340637741 0.911202247498876 0.966462023206696 1.12475194312376 1.06054540089377 0.882479178808813 1.18844871988523 1.05750860427208 0.947753237561169 1.0621763798581 0.996488820762347 1.01397034255607 0.998033222018025 0.845627028224542 1.05280472619535 1.0790908890632 0.845627028224542 1.05482618289957 1.12267402040894 1.12654729998844 1.12787544157575 1.12090929176009 0.895193104340331 0.907894272272843 0.690488893207039 1.21432614180104 1.03444428826239 1.32346358974325 1.01482513102483 1.0891461550831 1.22055863147746 1.09249681727854 0.996803924650011 1.23226790760191 1.11464937157727 1.42971597366325 1.21246620702888 1.19393856700289 1.01673595192202 1.17736991373759 1.24356198715878 1.04000127020534 1.24034343075858 1.13245274409403 1.18368843554264 1.1950271163681 0.919160782434122 1.07202227906142 1.08360624903173 0.99726870368353 0.987213438310616 1.12105661748182 1.07069857923793
"ChatGPT_16" 0.873250734218609 1.07426750655529 0.964297038475284 0.805842124854439 0.960488357146865 1.10764115824298 1.28759263661715 1.146980711437 0 1.04304065818934 0.924475926765397 1.10591132608045 1.02827866567226 1.07993767028202 0.783363866193073 0.97984247282294 1.03712847797255 1.10451350661123 1.16084051260718 1.01961387965244 0.912583597325271 1.08399194432519 1.057588301926 0.96527543636396 0.924178797078414 1.06101104698449 1.06382730102116 1.0056448923089 0.817921884430277 0.925645978517268 0.820206788791492 0.939249933521435 1.10627905696495 0.967071245271672 1.07436411376574 1.05560611918265 1.12248061582662 1.11787978101391 1.06393277678635 1.10761499779998 1.04028620111039 1.02691202558334 0.982885714013232 1.0274665378568 1.0259107011667 1.05487540781562 0.996780194824816 1.11204117305628 1.0925969315694 0.996780194824816 0.934533599996729 1.05970246564196 1.11114767744892 0.933282842492535 1.14951542758298 1.00610563563206 1.12219698771115 0.880774807543678 0.987021519433368 0.807854878531267 1.17957554894066 1.07751345367053 0.94225323841936 1.15325351975194 1.08926989198975 0.887411983705384 0.892124356656807 1.10911863093029 1.1341288177494 0.953038462811831 1.00268350646687 0.98919468749255 1.32028522311045 1.13887684702502 1.16170787958051 1.13001809438515 1.18971079452043 1.17105768593758 1.08021452743276 0.890611057770631 0.969268158510594 1.04041270280902 0.859609005536705 0.790382566841766 1.05933953293646 1.17069928883949
"ChatGPT_17" 0.89146446663228 0.992337935844252 0.930279461201239 1.01098281160802 0.960712405671884 1.00351418703856 1.04515833737392 1.15001110750296 1.04304065818934 0 0.848341145471474 0.971396469243666 0.96254380880371 1.02029837420846 0.99259099741991 0.881505085638521 0.881688074987869 0.960959177021429 1.00178886451143 1.05871829714428 0.85784578247754 1.01305618346123 1.01679472692256 1.01945875791635 0.83256074269788 1.05053328940695 1.09358888064907 1.06639934931559 0.840383809574135 0.870723665292069 0.898559082820657 1.03029152859946 0.880034624801949 0.907724537946931 0.941223603843841 0.911317057836642 1.1315172473221 0.96012915178506 1.00750629530488 1.03199127755256 1.04517729720729 0.991251019786121 0.919984479625461 0.934655847735359 0.977276703579519 0.942995164937621 0.904006383884504 1.02195868544378 0.920513484349643 0.904006383884504 0.912925493607592 0.869989556602292 0.904033413361079 1.08888802112898 1.16488252032646 1.17646127427441 1.06062889344426 1.05861219362542 0.817941251993707 1.12230081034326 1.05367434051094 0.947766025429583 0.968538578500681 1.06979858240428 1.0444241373967 0.944683516275091 1.172153406444 1.03607450927545 1.20601973026126 1.06985803995326 0.864760366388284 0.98061989498128 1.2145541726335 0.884177932881518 1.06664297680759 1.12349796721463 1.06692934584818 1.18048427171811 1.15544185548624 0.99477172234732 0.862588115388283 1.02186676528377 0.806208318400991 1.01614880233853 0.947375388744408 0.959120028286161
"ChatGPT_18" 0.853037649065087 0.963208883682159 0.936027936051425 0.899663137155458 0.803558925638157 0.980522249004361 0.94861191631115 1.06878638357401 0.924475926765397 0.848341145471474 0 0.903150505843182 0.918370275858956 0.894170669700742 0.958166750066527 0.81546707527961 0.716412635390898 0.846353049834123 0.86577844441518 0.940926105325709 0.840036766320459 0.912065624085375 1.01846947225559 0.923937944585149 0.824826723401093 0.95591947440103 0.96027268013436 0.990452178069309 0.690879207250242 0.890710700772832 0.90455397228028 0.980441067681521 1.03839953092124 0.852660218828298 0.900483208481025 1.00915981587489 1.09662803649105 0.953906579128847 0.910178822868689 1.0973075821671 1.03430346442828 0.860028631482543 0.917410482795319 0.95039746732689 1.03108131227635 0.999293551138319 0.90372737901482 1.07405335997771 0.916713050393121 0.90372737901482 0.897621747771638 0.871798031596661 0.908048322778878 0.947085869465683 1.02214458505046 1.03264580303621 0.777030120584143 0.852056156449929 0.855482989434777 0.988432590155013 0.926450288772565 0.855043626604186 0.928937429862363 0.940394688436874 0.963324728033605 0.93746779324087 1.09749969200857 0.847050484279055 1.2537903320896 1.11077799375629 0.960840642361467 0.916680088788432 1.14679943023462 0.976975648516744 1.02542222943948 1.04742395633948 1.06747750944035 1.06641323874728 0.996472491921938 0.892246010371428 0.918764965699703 0.887590767803171 0.852066155952052 0.946365860500664 1.02123529198448 0.889499425832652
"ChatGPT_19" 0.621721906566027 0.643443089935357 0.863102150260795 0.92324735767558 0.557786636125119 0.893256234204258 1.02202702594294 1.05792968317377 1.10591132608045 0.971396469243666 0.903150505843182 0 0.612525801206906 0.479666823260738 0.903484491493316 0.84273562595629 0.741439679057906 0.933932134101899 0.998091585549363 0.603516752416022 0.757245974095523 0.76720997686209 0.755582004598193 0.880180208074193 0.694558445465871 0.925704240021679 0.855172121590694 0.909247482047673 0.795461942742859 0.796704559182014 0.853394875122905 0.872743152245709 0.900286109049908 0.684659044480007 0.702471196787661 0.836411317484448 0.767507340320067 0.657520726347749 0.709571030096615 0.858189458264897 0.963189277689837 0.796163461887381 0.723728697957932 0.722811852040725 0.790589063053851 0.859325699282469 0.739782593810606 0.788704039426802 0.716427677249012 0.739782593810606 0.678021826433614 0.73206796811806 0.850294940559462 0.813187246580909 0.74185608647416 0.959152537784865 0.830457935553555 0.971854809421375 0.996157120553615 0.957878125085838 1.02687391692941 0.73494574984804 0.668398410788914 0.564225154196799 0.800357631088538 0.786209573632942 0.812550515124775 0.919185278370335 1.11018353203857 0.993036450467496 1.01281819575035 0.527670350210533 0.945411240402058 0.895048622649771 0.866400464515438 0.771045459590938 0.766462445409983 0.996082579878663 0.956576910880557 0.752743148327601 0.866498082238346 0.786457670146007 0.783546194501916 0.903646615499747 0.918832366253827 0.721942750654868
"ChatGPT_2" 0.527495142935547 0.487774316979772 0.935558868626432 0.880216758024512 0.667884523692477 0.976732483507775 1.01987894511061 1.1338166260559 1.02827866567226 0.96254380880371 0.918370275858956 0.612525801206906 0 0.721908697928719 0.922943503525757 0.848477706865913 0.768723855177628 0.91988941414591 0.996600415597843 0.758632254111482 0.838549830380042 0.709739590270212 0.698668703616668 0.927854768758743 0.619219970125604 0.906967099724637 0.912651501565556 0.990897277138849 0.875339579036578 0.86453262316769 0.872191424291429 0.914040930917398 0.979019110873468 0.794847750886384 0.697178427549654 0.857460537754831 0.782931644399615 0.774144964556983 0.746296663421942 0.94812759459245 0.993944615996008 0.847310343936184 0.792921405548232 0.877130455866434 0.874442502803647 0.846504549472159 0.877963582849969 0.971880729984191 0.892495327003989 0.877963582849969 0.584435038877968 0.610249441524338 0.925873186678475 0.872980441288774 0.807037605434361 1.10290391384597 0.866675459380229 1.0354123325041 0.962426634107557 0.943973866722267 1.05127182113817 0.762419108777181 0.617826930345162 0.742647369339986 0.771155867540885 0.878249851091962 0.909610575122838 0.970843589487954 1.15434976865362 1.05892843144748 0.942927503103308 0.694642005177019 1.03669664994947 0.887914324118472 0.867364603939539 0.766469202832734 0.870752379586189 0.909506927522669 0.857596317836951 0.7295701138253 0.828481226369624 0.844848921774079 0.776271134569756 0.941381499248073 0.895910770822402 0.793952515938152
"ChatGPT_20" 0.655964011707665 0.730141080152221 0.934426503415227 0.894679389227868 0.5238771906066 0.827630963595127 0.952347926861813 1.01241968292066 1.07993767028202 1.02029837420846 0.894170669700742 0.479666823260738 0.721908697928719 0 0.931604539803914 0.766510044180142 0.778759132903738 1.03062663195995 1.0630268213305 0.620605035452267 0.722263568347024 0.644583978976654 0.746452376826291 0.84375582907551 0.723668981596276 0.941566914290403 0.973898848422723 0.897162782404433 0.897080158975984 0.810036656996076 0.944266526335304 0.924062042596532 0.913617553084741 0.726384982381913 0.731012915240005 0.790856616531907 0.81870307222127 0.619052590185124 0.694805109349686 0.907444491324453 0.907290127107337 0.731842614764152 0.697573324939563 0.822891929974392 0.757573336604852 0.719044542115537 0.718811801058468 0.751013248414119 0.72206983650267 0.718811801058468 0.660409007323046 0.762473217352086 0.798274657784968 0.747850669605501 0.655794665547185 0.88141311852333 0.780231718682884 0.863234381727279 0.96495214350143 0.885346071573858 1.04407517844644 0.688126717046927 0.629647675890004 0.707113255632235 0.735464590961422 0.832213894348233 0.845250565405685 0.854308161964215 1.1633906175111 1.07477028733148 1.02123132579141 0.486165422075241 1.12168267275113 0.920944552537375 0.749658761999404 0.734860307997769 0.735227064538159 1.02778172397082 0.958496484406946 0.811536317401983 0.910375912118806 0.694238666567461 0.737529477294455 0.893258643192382 0.957963211296199 0.731661027642042
"ChatGPT_21" 0.827396884663499 1.01338965889992 0.849668029770659 0.749365223428606 0.874516055359786 1.03807736139568 1.34056084944334 1.27679389949828 0.783363866193073 0.99259099741991 0.958166750066527 0.903484491493316 0.922943503525757 0.931604539803914 0 0.850240413873118 0.918957499840081 1.03846261613259 1.05445772541258 0.861642628431651 0.916100852900582 1.04232193121352 1.01820049751486 0.828855551750494 0.845912076812456 1.00295011282442 0.984987060880634 0.856027780222677 0.731968092428844 0.836443691343985 0.750732473448671 0.895159927898682 1.00260582942927 0.916799096361472 0.92087010930393 0.850092989216996 0.982996508831024 0.960180655211332 1.02180189636236 0.985672208122507 0.886919648221899 1.0012783370918 0.930455817767196 0.884926350162565 0.880902335877687 0.941062005691963 0.89566376793754 0.914743028862785 0.900293846207878 0.89566376793754 0.865676936037558 0.91154832942529 0.823426876929442 0.852295838973495 1.08215604025047 1.14399462488396 1.21936039274097 1.08516849940369 0.870904319126076 0.808332008803066 1.03039939478668 0.936165989457637 0.891390016015024 0.965086981582958 1.00983307766503 0.847369477720991 0.733255597946509 0.975602864593624 0.942998699558154 0.964658647585507 0.958865899141137 0.867431732040801 1.26227070420132 0.954201885405278 1.12314820551354 1.00859581250496 1.038727290462 1.17625326215102 1.07043405386264 0.927806346862753 0.786940840801619 0.856341758486435 0.826029639986161 0.821087227828572 0.953881287442853 1.0764300506397
"ChatGPT_22" 0.811312839519181 0.946635486012853 0.809239495140687 0.853086633699216 0.657938903006881 0.841520970613315 1.01199101871385 1.02121654158119 0.97984247282294 0.881505085638521 0.81546707527961 0.84273562595629 0.848477706865913 0.766510044180142 0.850240413873118 0 0.754096374180545 0.983248641341152 0.93015059067639 0.865487095039363 0.638063810293643 0.713591062638015 0.735641109085693 0.858429814922703 0.774906851795247 0.825226354824461 0.820844773162516 0.805181303441639 0.81390704952889 0.722745547301185 0.734955998670678 0.732754867640369 1.01171248745076 0.829476074183978 0.699989682548079 0.751185652271889 0.94566459398932 0.847807464139702 0.847356370791189 0.92672799873941 0.912678662693132 0.669310404303707 0.822102408544671 0.751507102335413 0.860371414474231 0.65233760397607 0.722996963161675 0.764714195246831 0.735378365444684 0.722996963161675 0.737148159061699 0.842274727248957 0.816971460083939 0.839821808391338 0.996886156220608 1.02912138106897 0.953345503861026 0.879697497041016 0.802364835910195 0.810038468431779 0.968229539664739 0.787121138054931 0.742069535790046 0.925980545949652 0.904783134123154 0.913573127164308 0.915173317918596 0.72296485302876 1.11093804388255 1.0814774191066 0.929416145391084 0.731780989715643 1.06586604914266 0.829931414997715 0.823932034851484 0.840205750582756 0.875676044647896 0.948727746853346 0.879180238782185 0.763504332411313 0.724930822906895 0.812261211099094 0.699602880596736 0.863489897704203 0.952562974153547 0.872681752461182
"ChatGPT_23" 0.742253925561688 0.863665001020754 0.887468699947232 0.843249899545107 0.766181939120707 0.859438513969317 0.953606269263271 0.991445821085993 1.03712847797255 0.881688074987869 0.716412635390898 0.741439679057906 0.768723855177628 0.778759132903738 0.918957499840081 0.754096374180545 0 0.836970846319786 1.02758185851789 0.949914674659234 0.797253856886582 0.899023639075942 0.942477821367812 0.983473400839709 0.923356101685074 0.886419344798812 0.810005350875549 0.901365405390285 0.794632112509709 0.901697866913539 0.817395487990185 0.947657325276725 1.03336836973889 0.859515198220989 0.826732388573459 0.822521863879948 0.881048219388568 0.789127613105736 0.866578816791693 0.94057555955124 0.922704177570452 0.829918362435914 0.838325497991789 0.75448489993839 0.873644122666454 0.825740303705922 0.762214923618462 0.791736473988685 0.846363393887944 0.762214923618462 0.772993504879081 0.886341198719127 0.804651166228284 1.02753111150278 0.942322532341496 1.12587896264461 0.833658989691182 1.002552522279 0.909998349939069 0.996681089609407 0.963200532846074 0.897504505335183 0.867217397511188 0.868736273939875 0.923473862472752 0.88716737303456 0.981309735304522 0.754645800193049 1.1736613959362 1.03324208513021 0.966900180506814 0.784685527154165 0.91991416374929 0.962748433436492 0.934915735124243 0.916047576419868 0.975770833618863 0.970952056549161 0.928233376208373 0.871309727671558 0.871230277508266 0.952535288562791 0.859952507675975 0.988340462415877 1.0169101142098 0.901181059240961
"ChatGPT_24" 0.863334166141811 1.03389233760288 0.800881064680395 0.872010948879922 0.925517225490065 0.891012976409259 1.06706046519444 0.994203513093109 1.10451350661123 0.960959177021429 0.846353049834123 0.933932134101899 0.91988941414591 1.03062663195995 1.03846261613259 0.983248641341152 0.836970846319786 0 0.975287636903023 1.03409795256979 0.870898515358722 1.08921182881529 1.10822120959012 1.113352416571 0.962740553119585 0.936470056381702 0.911198883983344 0.93501421043629 0.864883601924734 0.921900934149489 0.814479303958162 0.951449728218545 1.12310336610532 0.981204226876 0.968531006245611 0.951434254966181 1.10631676565668 1.03023807857925 0.934989189205141 1.02033538451924 0.956171859365532 0.961190920372798 0.901968369770172 0.948129746431023 1.03005176852386 1.05928717498599 0.912328924677714 1.04134723914422 1.02727109090682 0.912328924677714 0.982802220224411 0.995706180305139 1.06892899429585 1.06903368202184 1.11907230219701 1.06239708419913 0.907384873503711 0.943312982607576 1.08005862566897 1.08104367005038 1.07494025040177 1.00760371312448 1.00932928241783 1.04434626597702 1.07897291755051 0.916484049981119 1.05922485225516 1.00141726296656 1.20732382622019 0.789877164794198 0.824827583331945 0.940495491051109 1.12908984282649 1.11230399380119 1.14476145778281 1.17677141895766 1.16610874228565 1.02506870637676 0.972686378992938 0.840815205459191 0.989707431911135 1.0339012489726 0.983150539684314 1.01158694555864 1.13072680501904 1.08345758314358
"ChatGPT_25" 0.975718794642059 1.0596156050256 0.966389059482325 1.06168046039301 0.925647407729008 1.16549278831078 1.33195097584484 1.21593387959622 1.16084051260718 1.00178886451143 0.86577844441518 0.998091585549363 0.996600415597843 1.0630268213305 1.05445772541258 0.93015059067639 1.02758185851789 0.975287636903023 0 1.08445521217424 0.984818834127897 1.00710556738238 1.03532625644529 1.09464310233647 0.912128723324806 1.08738465163811 1.1382837230694 1.12390160607848 0.936084437329126 0.987613714467714 1.0133783908794 1.09022082270695 1.07098719135609 1.0578403022467 0.917354576703119 1.02203216271317 1.08263583494898 1.06840355456614 1.0473319739306 1.038427602905 1.09214515340875 1.01773609819374 1.13375228162811 1.025056552451 1.0840424194045 1.0403246682552 0.969019924846029 1.16329264669802 0.872560301853388 0.969019924846029 0.984193116068709 0.977385703261613 0.935698921424747 0.944100319521348 1.10627915428915 1.1138633196135 1.1512488832931 1.09788556777688 0.828328932663706 1.21592509175272 1.15873738067446 1.015676244621 0.982900153779827 1.03598362525115 1.05713605451191 1.11118618611278 1.12895159044902 1.04263472804899 1.36341822050718 1.02697509520267 0.860672382735908 1.03328344182662 1.20102874489034 0.954142814728328 1.10597998605105 1.09250469932856 1.06607898030754 1.15605454547661 1.06398613130205 0.898691761072407 0.902766149604701 0.971862992415705 0.87928674093062 0.894164622067609 0.983344898566539 0.996691474497138
"ChatGPT_26" 0.640956647963142 0.793153881061702 0.853884298057948 0.984327387293804 0.53079016836079 0.978443132232536 1.05380424767314 1.12082069037062 1.01961387965244 1.05871829714428 0.940926105325709 0.603516752416022 0.758632254111482 0.620605035452267 0.861642628431651 0.865487095039363 0.949914674659234 1.03409795256979 1.08445521217424 0 0.850490265437102 0.826654869440701 0.772667336646364 0.86826707870029 0.692698355495473 0.991025687020712 0.917516519979347 0.89301703143838 0.881581313256242 0.817213445107283 0.89534216620331 0.84549450313208 0.965423024831381 0.80720440577205 0.774822673323741 0.829748910062906 0.905310769769596 0.74815510169892 0.826109368907326 0.938184175316406 0.930573892491274 0.89921311245908 0.807345145569462 0.837179195719892 0.827904037933352 0.850349288104061 0.817777171890984 0.869994522068531 0.91415934896894 0.817777171890984 0.639184523766355 0.725735731751204 0.844569298630962 0.752645365323989 0.79166108306625 1.01184689270007 0.920631292933831 0.954220440161209 0.956822478195402 0.790163074842254 0.944220327369517 0.719179539114023 0.588656889843482 0.802295836015102 0.909717676248873 0.687911144408138 0.887461224356364 0.896057634627544 1.15689692796731 1.02291872739109 1.01051455586601 0.591240010010237 1.17561728866387 0.935061830064754 0.974917525373457 0.706166791733651 0.773118690612832 1.02853699534721 0.928814236188445 0.806225552506833 0.84538383257523 0.746118932171786 0.824122701868164 0.914751515003116 0.955376787625781 0.743062445824155
"ChatGPT_27" 0.81094864738337 0.885505804354099 0.76917989205197 0.757060901288 0.661568545348215 0.842362833050807 0.858844931791269 0.945125109531297 0.912583597325271 0.85784578247754 0.840036766320459 0.757245974095523 0.838549830380042 0.722263568347024 0.916100852900582 0.638063810293643 0.797253856886582 0.870898515358722 0.984818834127897 0.850490265437102 0 0.68653966169593 0.783381718562525 0.95948803408385 0.712704210795068 0.826367368868539 0.82195829145004 0.8473916026407 0.784171783692105 0.794007190898908 0.755418889232103 0.843351262546609 0.989828525302032 0.807344327354399 0.746582184777241 0.747999264998603 1.00916879221345 0.788538040766879 0.788273058849456 0.941606553081664 0.871927516910959 0.756805925770457 0.812916158727692 0.749643863734635 0.813609599075476 0.747436005884539 0.718633847038231 0.793247648996135 0.711040964217176 0.718633847038231 0.78435110895197 0.868175232736755 0.796697319093038 0.782536232255001 0.940215658437397 0.881527846920706 0.879765710050211 0.844440423168654 0.960347048616158 0.809549590615957 1.05317858750606 0.800346813357152 0.793570680368433 0.901419440491625 0.91020731647389 0.853415312709809 0.904284365804539 0.82609438158994 1.16626989557632 0.944694161185151 0.8746213511895 0.74233264125623 0.927320319536242 0.872848546401286 0.771233550322797 0.915565782731445 0.897004274241491 0.888983104885529 0.779792470861224 0.674444689322149 0.719126611185111 0.804434551494366 0.681894814750698 0.775900699219638 0.906736020820082 0.919570453951013
"ChatGPT_28" 0.804191722765188 0.806292989865704 0.959012429706204 0.970232493388702 0.69189926770102 0.853972263805653 0.856892629840032 1.04925666514515 1.08399194432519 1.01305618346123 0.912065624085375 0.76720997686209 0.709739590270212 0.644583978976654 1.04232193121352 0.713591062638015 0.899023639075942 1.08921182881529 1.00710556738238 0.826654869440701 0.68653966169593 0 0.751088578051822 0.950495707804633 0.837264280447309 0.937702897693664 0.933632904375507 1.01116703228227 0.954865586918797 0.931135261669744 0.985073530963644 1.02262438501339 0.950496200728545 0.958596355526946 0.734672997318027 0.892133077466146 0.964830175044658 0.726974245496804 0.812130611393073 1.01480392319141 0.937483632704381 0.623454924315489 0.811503919098704 0.85873355107346 0.886270406189617 0.770607768331705 0.752904036489775 0.973383157942667 0.813538026600273 0.752904036489775 0.771030703241738 0.713510004819876 0.866671092508719 0.814800282798456 0.830260702024739 0.919459902229597 0.813455760910677 0.861251081406063 0.967541762511745 0.921692745381533 1.07715536419237 0.797455371198454 0.747206604798661 0.814311923275898 0.832635579802458 0.962844455047761 1.0117102073972 0.860534208068159 1.16506321909881 1.19150454834128 1.08802136385138 0.792633700689731 0.987538165896213 0.889405870327235 0.403239673808093 0.923039778967714 0.895852220723309 0.94933787661934 0.870154296958196 0.841119552091355 0.835338974372219 0.848951554908098 0.735562708887973 1.02892406289425 0.973128965180299 0.774342098982017
"ChatGPT_29" 0.711072182758063 0.78842595106129 0.871718178167447 0.968376499328317 0.609641512881949 0.966135100412114 1.05501656815311 1.07952004073951 1.057588301926 1.01679472692256 1.01846947225559 0.755582004598193 0.698668703616668 0.746452376826291 1.01820049751486 0.735641109085693 0.942477821367812 1.10822120959012 1.03532625644529 0.772667336646364 0.783381718562525 0.751088578051822 0 0.916636320938144 0.564812062125687 1.07190143357821 1.04234697041854 1.04102942269825 0.862511036968143 0.754465262379025 0.85905097899696 0.811745937474949 0.961623282456423 0.779739403754342 0.734414029689814 0.820279388163268 0.959693643732954 0.838103694465404 0.825616210860307 0.851715566699655 0.978330330179193 0.833112262952702 0.807217667652065 0.789248413413432 0.825223235655526 0.808947212410542 0.774365466722651 0.912560661897653 0.891717626460508 0.774365466722651 0.716969652832964 0.808988384760518 0.914039422344473 0.804950105964086 0.907728939248259 0.859745707082769 0.912553033999879 1.00646806172518 0.840036131388951 0.759858591760143 1.01781940744161 0.770254079933192 0.717400111875288 0.889998570986694 0.969704599686486 0.818513146976516 0.922087560746225 0.935045748689602 1.30556084562295 1.03091548559118 1.12269878362944 0.796502714119901 1.15924981697915 0.828647449335333 0.900839134295489 0.750979959822289 0.726316222370275 0.951811939249765 0.870393006943896 0.713740065274236 0.779863836478285 0.83086850100014 0.771924118373479 0.939271290914106 0.9278806323589 0.66584743552897
"ChatGPT_3" 0.756724740297109 0.855302378227466 0.870081632904394 0.836126809411768 0.753845461317509 1.09876124412496 1.21307347385148 1.23747478625263 0.96527543636396 1.01945875791635 0.923937944585149 0.880180208074193 0.927854768758743 0.84375582907551 0.828855551750494 0.858429814922703 0.983473400839709 1.113352416571 1.09464310233647 0.86826707870029 0.95948803408385 0.950495707804633 0.916636320938144 0 0.804024662506716 1.06343809673173 1.08275426695355 0.98441325422461 0.764237735459428 0.869044156565812 0.964734838885862 0.88915276616533 0.970467196238086 0.88554870423711 0.907224157758875 0.972430756071914 1.00886708423461 0.974316678384652 0.920105988473316 0.972543973471418 0.991057377721003 1.02700276209266 0.876923427525245 0.895312506607923 0.904412056980008 0.870621577159547 0.978771372539553 0.917520186858734 0.914086296224818 0.978771372539553 0.841989993818167 0.830673896143606 0.757701849694818 0.800340046336761 0.928512869786314 1.1341106855982 1.07922819118399 1.03021410249928 0.893560079850281 0.86516758557058 0.974557701835925 0.802521511262813 0.788199040929088 0.928906189160211 1.04319565611952 0.905856580122955 0.856067060767161 0.935783056660558 1.10331253397078 1.15501388340114 1.11803122273173 0.885014351879894 1.37685342536596 0.831851100098426 1.09257654127843 0.852297456639774 0.881659360277546 1.24070729119825 1.14766258578337 0.872254220253482 0.837891596477068 0.857790913227172 0.778590726779753 0.829296642993146 0.896741578836451 0.840648860074575
"ChatGPT_30" 0.613165946504791 0.746411521676845 0.785858678346102 0.85855117335783 0.630517739992742 0.895433988344998 1.05391312156338 1.09482603689333 0.924178797078414 0.83256074269788 0.824826723401093 0.694558445465871 0.619219970125604 0.723668981596276 0.845912076812456 0.774906851795247 0.923356101685074 0.962740553119585 0.912128723324806 0.692698355495473 0.712704210795068 0.837264280447309 0.564812062125687 0.804024662506716 0 0.930029568164111 0.96320778238693 0.852705880110884 0.74163207561396 0.711542747216568 0.803413292850906 0.856413493312541 0.87625690538222 0.709113408163832 0.775633211283433 0.792389267406609 0.936130289068753 0.832805028001805 0.805426679984982 0.8586259923087 0.866162227218279 0.83121009900781 0.77508837322916 0.836910359052516 0.784659600307544 0.841803482109239 0.798213295534078 0.976585587015104 0.838886268694185 0.798213295534078 0.64423247678316 0.741827343042693 0.789506651173351 0.710631010553195 0.84530603660873 1.00826505189044 0.915468014555849 0.930503742489454 0.756401479574044 0.833630525808015 0.921308827871579 0.696954217194785 0.626358187857432 0.80996586721196 0.887497984295849 0.785199801632215 0.883473835836804 0.917330177298061 1.22275602056128 0.954178702851714 0.933895355529147 0.714772603608808 1.18624668454347 0.840470189394192 0.961021202338371 0.680642503120539 0.708807070857438 0.955687738490589 0.8823491131897 0.72602109744201 0.714086086585485 0.669887301668005 0.59300895875023 0.821850698445525 0.932210455927329 0.716760708458815
