"ChatGPT_0" "ChatGPT_1" "ChatGPT_10" "ChatGPT_11" "ChatGPT_12" "ChatGPT_13" "ChatGPT_14" "ChatGPT_15" "ChatGPT_16" "ChatGPT_17" "ChatGPT_18" "ChatGPT_19" "ChatGPT_2" "ChatGPT_20" "ChatGPT_21" "ChatGPT_22" "ChatGPT_23" "ChatGPT_24" "ChatGPT_25" "ChatGPT_26" "ChatGPT_27" "ChatGPT_28" "ChatGPT_29" "ChatGPT_3" "ChatGPT_30" "ChatGPT_31" "ChatGPT_32" "ChatGPT_33" "ChatGPT_4" "ChatGPT_5" "ChatGPT_6" "ChatGPT_7" "ChatGPT_8" "ChatGPT_9" "Jasper_0" "Jasper_1" "Jasper_10" "Jasper_11" "Jasper_12" "Jasper_13" "Jasper_14" "Jasper_15" "Jasper_2" "Jasper_3" "Jasper_4" "Jasper_5" "Jasper_6" "Jasper_7" "Jasper_8" "Jasper_9" "Perplexity_0" "Perplexity_1" "Perplexity_10" "Perplexity_11" "Perplexity_12" "Perplexity_13" "Perplexity_14" "Perplexity_15" "Perplexity_16" "Perplexity_17" "Perplexity_18" "Perplexity_19" "Perplexity_2" "Perplexity_20" "Perplexity_21" "Perplexity_22" "Perplexity_23" "Perplexity_24" "Perplexity_25" "Perplexity_26" "Perplexity_27" "Perplexity_28" "Perplexity_29" "Perplexity_3" "Perplexity_30" "Perplexity_31" "Perplexity_32" "Perplexity_33" "Perplexity_34" "Perplexity_35" "Perplexity_4" "Perplexity_5" "Perplexity_6" "Perplexity_7" "Perplexity_8" "Perplexity_9"
"ChatGPT_0" 0 0.609235119727181 0.704149926785892 0.691197646554475 0.472201521042862 0.707436506762126 0.782546125695738 0.716234623064137 0.694213923927222 0.819886678362018 0.871074513032339 0.628545962055025 0.585886819219941 0.613647080916119 0.727069031790974 0.760049957276431 0.70229224184413 0.667134312017287 0.785010741296427 0.60993612045812 0.772981962775987 0.679191540244168 0.639125326055179 0.673951164856971 0.590922749271226 0.740315694248632 0.73706994158589 0.728012243738486 0.635496435226152 0.713042256953809 0.71007904268705 0.739345978470169 0.755222776234572 0.611126276816388 0.547059029721929 0.661337771057682 0.690412601914665 0.777617381259678 0.73122004653416 0.640072133212658 0.760421543676778 0.764003539103215 0.665384997439939 0.67485693047249 0.735757442645216 0.729649981235361 0.68959686920968 0.787291386420191 0.821705378701661 0.68959686920968 0.460696606111589 0.583492712037986 0.714290412859386 0.719093472683166 0.735293617988409 0.742262262366445 0.712203405672902 0.803270296475641 0.766621760965003 0.734120195877225 0.839068690197128 0.690078536609637 0.508747166690334 0.616795938509788 0.801727711818865 0.636068755083825 0.696710090389582 0.83141212249614 0.831088282974652 0.74561262914065 0.798133533088885 0.554507531510934 0.920551013681892 0.747879453464112 0.742604011195651 0.704741903424442 0.797040831105075 0.760976385061407 0.777021912803815 0.583204923392088 0.633211545943263 0.707039285802546 0.655859038312264 0.718661510845559 0.797016785730472 0.641974363829693
"ChatGPT_1" 0.609235119727181 0 0.899265860669889 0.846866495219412 0.689887090220438 0.860699172380947 0.920573898442161 0.863942582677048 0.851924110672163 0.922424321485426 0.97366824768194 0.781449386608913 0.590182113787729 0.762400472678659 0.859187278211432 0.893922794984496 0.844227744521374 0.864590260182946 0.8698166778356 0.769956138671999 0.848374401030007 0.759993436041376 0.79023326149937 0.794195728232066 0.766841466155386 0.777855705569713 0.795216901857873 0.814551702067634 0.815085573185133 0.889767134426587 0.855950341472606 0.906510688859916 0.87065676655724 0.804493877529373 0.675162362381493 0.810803278368519 0.792213894135707 0.83657026051418 0.773297748058427 0.741531399099983 0.83053290187865 0.880855120344766 0.798916029026982 0.839828354686342 0.802628821615285 0.84684198762796 0.862480403452523 0.889135669696333 0.95032717695003 0.862480403452523 0.572891175232978 0.484318332867923 0.858020613266299 0.863377475536857 0.832939689273278 0.838365814804073 0.839394843614148 0.900906238883238 0.864074189366963 0.842700081247911 0.953852584640504 0.849103631764196 0.61409880743413 0.744309169568635 0.822490212998085 0.784562839851548 0.765316691502657 0.931590475725592 0.955136991898266 0.874972107735206 0.834192368902189 0.75172322454927 0.961073206526244 0.790184264587589 0.793657319393734 0.862014665502475 0.973459512154426 0.805596455542502 0.85314307777213 0.631970735604842 0.744325428629262 0.848180291612059 0.763266631756902 0.858081989008346 0.848949659191639 0.756965176879053
"ChatGPT_10" 0.704149926785892 0.899265860669889 0 0.76607727518773 0.719826133170106 0.734787719937729 0.805271028908074 0.770850898014253 0.79528743968094 0.908362620698629 0.951973978149068 0.849793383851243 0.864757644276764 0.836439057731955 0.684207623384743 0.780480025305226 0.84216985577401 0.623577096690341 0.821753671211403 0.781176448478761 0.718968403395462 0.888473286771424 0.76963475407927 0.748173820762356 0.742498396294323 0.676702153683296 0.688728643828883 0.681784916091092 0.610246396807065 0.706468033086418 0.719193142859223 0.685244441761211 0.859568754227531 0.818602788634657 0.686470167379066 0.752034610099541 1.02548589488888 0.884082184503424 0.836266654087565 0.709174085687752 0.777589387424004 0.781750735230345 0.799508072925902 0.6896180987415 0.800548850050055 0.833161031218479 0.753124239831352 0.787089091687796 0.886131147650487 0.753124239831352 0.685261342795771 0.810823625058123 0.765742699577947 0.743858782439096 0.909224109675635 0.782782806114381 0.801244415846527 0.848840073273557 0.764559389799561 0.773878483395986 0.859180046813968 0.931069524812273 0.747678402378478 0.831156381887934 0.968350179572027 0.682527560931647 0.769045553076789 0.876415806904308 0.861614983782742 0.640347268724488 0.715636935258835 0.782033961525646 0.941781613310429 0.776332191121799 0.879756737384289 0.924437551341146 0.917522385611914 0.879526732985967 0.865427478004717 0.62151301772266 0.575585928744322 0.779441421022644 0.685913702890763 0.69906394642503 0.812604764922992 0.758997542685417
"ChatGPT_11" 0.691197646554475 0.846866495219412 0.76607727518773 0 0.744361365743657 0.676187767094935 0.835322612205664 0.737407222452823 0.61900588383017 0.864300423372466 0.86191397415774 0.841985543867934 0.806451037069409 0.778344782372601 0.676393217588773 0.770156999461713 0.796937720809426 0.700139185805368 0.898991924690015 0.832839845948107 0.772869445019089 0.817989607644607 0.812310846072635 0.698166657328586 0.746607756121155 0.813061665798666 0.821333946405991 0.839144132848823 0.689768680853017 0.700864779978329 0.678933364674487 0.698575147065133 0.795269226932028 0.758284894297545 0.726268397358548 0.741131137059603 0.926903181781644 0.8529786796111 0.788378268656099 0.755697865650468 0.777771654553627 0.779975287854525 0.763547479677955 0.706233971932475 0.797967167191711 0.810977508725899 0.795559309537098 0.864368951133404 0.833987604375312 0.795559309537098 0.690526737172256 0.787332574908055 0.76185086673627 0.723434270027562 0.810930758383478 0.763239357555556 0.786034356179861 0.762160604140277 0.780450972368138 0.689384821920315 0.817033971611983 0.921781941297175 0.731778465276696 0.791973593917317 0.957431351357781 0.781275449117233 0.675375232822691 0.850354152921101 0.911485094610564 0.811429077803073 0.763914503906442 0.768049721570062 1.03866969374312 0.840090047416218 0.846864661489958 0.890927451608633 0.873631316154495 0.835283768913165 0.796065163344848 0.646916494858602 0.603643850650098 0.787153981019077 0.649659815077157 0.712523647863032 0.777018016455604 0.819703092389269
"ChatGPT_12" 0.472201521042862 0.689887090220438 0.719826133170106 0.744361365743657 0 0.671594179498434 0.757014922490267 0.609343936610365 0.721896497460727 0.858009385282909 0.862531609157654 0.584486125956991 0.610007729889863 0.502468681686835 0.748920431736239 0.661607599983892 0.707141504620596 0.700122409055951 0.792713410287245 0.483371942815067 0.700647592545616 0.682216275284984 0.548929361096299 0.663086831084497 0.607058200587399 0.681556067845382 0.660854440514967 0.651438501641921 0.717314292133468 0.679005344056486 0.743377114767905 0.743118669199474 0.691525242125928 0.626964008040065 0.56977085114755 0.683552556602979 0.748520962156723 0.6942632732431 0.624119988187076 0.602413851105384 0.783098560535175 0.705820455712203 0.634946735501748 0.720553514449322 0.712246802929411 0.66688194228201 0.710850175301134 0.717725693957298 0.726371614300019 0.710850175301134 0.451574862050821 0.517779156701185 0.695653169001168 0.744447609601959 0.593153660228212 0.683486612071135 0.635480033832384 0.68998995606616 0.776099678566609 0.637599951769352 0.775485395032844 0.623586058102628 0.460503187979094 0.570414980682263 0.758292786708955 0.595062796027872 0.651795576686191 0.730770560674405 0.778115245493737 0.760515079841144 0.786075276148445 0.38129784622651 0.898137997619605 0.73500911040244 0.653574177290661 0.664144710322046 0.763217930599908 0.680118880839481 0.667113852315154 0.522828479405478 0.637083836749216 0.63613661131074 0.581026841169248 0.709251884941893 0.756895751516799 0.596541312185119
"ChatGPT_13" 0.707436506762126 0.860699172380947 0.734787719937729 0.676187767094935 0.671594179498434 0 0.677761702446992 0.509559300716689 0.77209304620725 0.835056100166055 0.885987438372832 0.784436011177284 0.822501502396232 0.711239898986659 0.774072247863725 0.740480087513677 0.718232843366407 0.662208024370924 0.839034507635162 0.797189288575142 0.652319806168797 0.714669580787264 0.754708042190366 0.78711663700778 0.680071597990034 0.732029418837594 0.719384841613656 0.726834500254398 0.684824491760463 0.687470309265528 0.696807099998164 0.727002778627638 0.771416461775216 0.652293011300553 0.725475915080662 0.72703661867247 0.886915807332836 0.79666731543045 0.712641802377732 0.738956952852573 0.699669789891033 0.706452959909186 0.721709049238244 0.697224933931042 0.755480183750955 0.76429217228825 0.702113055965658 0.78093703356391 0.825449397591095 0.702113055965658 0.687393512432952 0.781953888368946 0.76261298049456 0.742565949321735 0.763300090487605 0.602234043754119 0.662432548824633 0.649838201273872 0.765997386176877 0.69168053648256 0.83904322459715 0.822410937644173 0.659160398606551 0.71853298878331 0.809653583288478 0.680966850235851 0.772641070770079 0.855172971156794 0.935877906381671 0.746888431549175 0.781038726886422 0.682332851504339 0.925913095783616 0.858857523799927 0.704128797485015 0.842971472528374 0.848302339587674 0.78258511735306 0.746162772411068 0.667508268005764 0.615758296081423 0.762436248010674 0.617275914555519 0.673729662929812 0.81726053934273 0.674923574771781
"ChatGPT_14" 0.782546125695738 0.920573898442161 0.805271028908074 0.835322612205664 0.757014922490267 0.677761702446992 0 0.68739267514959 0.864707708149051 0.842893828674911 0.898506850596126 0.85534517025865 0.841812562899573 0.757725885615803 0.942140253748079 0.799738274392574 0.752227068323442 0.770238581841606 0.956347703894211 0.848739719852223 0.777422240103543 0.681806339684388 0.816887214401068 0.894025558154112 0.822239436592527 0.738210115598025 0.771623577013457 0.830263936203613 0.811655866961304 0.903026218941693 0.874796568385086 0.902677757440878 0.847644830956239 0.818850796525412 0.79444581746989 0.866114657968842 0.978463739843209 0.877872434522471 0.824177614634551 0.84419861097072 0.896536330355796 0.801108914915295 0.815876774584594 0.778262941124297 0.912606209632116 0.880458530235652 0.760242324192145 0.968555074129567 0.91139069586706 0.760242324192145 0.73828836004392 0.825411894729544 0.880966417869571 0.872452218384432 0.961494221407948 0.776685872344455 0.566045242690325 0.734190964807954 0.913244696204728 0.811032402669985 0.936324556032539 0.870357304916232 0.73679535643916 0.807025009274583 0.932602010576976 0.802983830949715 0.890384495935286 0.983066802693359 0.982500823247058 0.889562339202724 0.863416709355642 0.778352465181046 0.998209579835441 0.895269152817992 0.760296296809928 0.88944768560735 0.934387428279511 0.796488011433023 0.782878224838397 0.707280943591473 0.809718505722856 0.87313665378854 0.765001818439761 0.895023846729963 0.949430560393547 0.727260142316064
"ChatGPT_15" 0.716234623064137 0.863942582677048 0.770850898014253 0.737407222452823 0.609343936610365 0.509559300716689 0.68739267514959 0 0.718404974700879 0.856429192142988 0.863399792678637 0.817510690432101 0.817340849755414 0.688367075914725 0.87474039578995 0.776321340582725 0.738878714947123 0.674228390311039 0.853703276470088 0.796769850647573 0.758272504886395 0.743276700254416 0.748800934893027 0.793235258106203 0.755058979286931 0.679779368400765 0.685995620845563 0.692179298559255 0.745156855602607 0.738182430658175 0.735031058961044 0.756471238119868 0.763272760207174 0.72199001410688 0.665843613430601 0.737695584337236 0.883663149294668 0.835349038492684 0.674327867426872 0.745890473094081 0.777565801844888 0.706934157513518 0.76648341948408 0.729696510815778 0.776480395875754 0.797926194918457 0.712811152871937 0.811336994817086 0.857615353153232 0.712811152871937 0.653292475927437 0.757761794453372 0.844332713362976 0.852040170034772 0.841779976667368 0.602064650418242 0.651271733730628 0.555836638718318 0.859327888966251 0.691270456557873 0.871502353770548 0.826815354764249 0.667453189068984 0.792079393996006 0.831472762326513 0.688654147309587 0.800624804518759 0.84384764507904 0.90572545176213 0.770671012584456 0.814373948553915 0.706348630873624 0.876251483888695 0.884630572079759 0.697084726150978 0.852552571339205 0.837360670098788 0.738348976159177 0.770784938013214 0.595189092351848 0.714906705007843 0.745603188802443 0.686977219895684 0.712209846573424 0.832264481220253 0.710985625277572
"ChatGPT_16" 0.694213923927222 0.851924110672163 0.79528743968094 0.61900588383017 0.721896497460727 0.77209304620725 0.864707708149051 0.718404974700879 0 0.826164145401802 0.842064402714748 0.894538020842234 0.834508294985384 0.805337877974231 0.656781945848602 0.823177273893379 0.813525476571246 0.785999211721697 0.849620651946674 0.780895525344818 0.780246652521076 0.83105648826352 0.753967741728392 0.673624039204909 0.701120664802187 0.729851773713538 0.749923108692475 0.740667730623609 0.633360847512224 0.763330468801453 0.703783427888813 0.726878889724233 0.751937041068711 0.69893445544493 0.775135525688319 0.780133134314373 0.901841855279429 0.904189656867618 0.797407058814763 0.744777197251778 0.793778267998358 0.81521890117044 0.808285500818686 0.782101743278967 0.826741649160527 0.898822226179284 0.82211664677815 0.900301544991073 0.94123092744672 0.82211664677815 0.655024427197657 0.774310274916662 0.84146715097935 0.79037618890855 0.888435436977935 0.696255856541276 0.77584700595292 0.682412286160642 0.752314065792112 0.638379512364122 0.86345171718191 0.904729345976073 0.67734707707633 0.811463347090035 0.874007475210894 0.686576141896622 0.666342136366899 0.906757747224933 0.810968382761997 0.674364524715594 0.727993301643798 0.748925417816486 1.00074564753192 0.876436177541651 0.82714697697813 0.866182381669094 0.904105109924461 0.756210966048527 0.721466743697851 0.597969836590949 0.687393654867374 0.78435744585668 0.652798991177105 0.632892642408873 0.838593848395468 0.825425756601922
"ChatGPT_17" 0.819886678362018 0.922424321485426 0.908362620698629 0.864300423372466 0.858009385282909 0.835056100166055 0.842893828674911 0.856429192142988 0.826164145401802 0 0.867636843230705 0.97844093573262 0.943092429351798 0.928417804871634 0.880696819612404 0.872127788191467 0.825504760671831 0.83783447086923 0.846111450157478 0.969915506299972 0.868218578135765 0.905312504160655 0.901168854436502 0.906410507868984 0.780828478766881 0.854841291093451 0.90383511758178 0.901494427720739 0.819777374638591 0.880018751450792 0.852608351137341 0.922091531838538 0.782568897967968 0.819117198189385 0.861957440658716 0.89445184261774 1.04781173382785 0.926831321685442 0.931329497432385 0.842217060040858 0.921355116753688 0.888549802169507 0.875100116830093 0.847117854110322 0.955104065493832 0.948462187567148 0.918881582720587 1.00940149880111 0.86655335551464 0.918881582720587 0.782922877052572 0.785573003752084 0.873959436531754 1.0174767306898 1.04376264633189 0.946895587650852 0.912960836978899 0.907394039533766 0.82253140422085 0.940033468764214 0.939589946411979 0.985243648972721 0.800469018834717 0.920896221724982 0.966220887755008 0.883690711852693 0.973621430154518 0.98362844467973 0.939882755370561 0.903563781312212 0.79469403427537 0.906993913401808 0.974019265487688 0.909135397206698 0.899165328384183 1.0204631454241 0.937605584709764 0.902437883876506 0.908636098996716 0.807297423387334 0.738159353361475 0.880469522079459 0.761219325160011 0.872750962503103 0.83397455472571 0.855505684106037
"ChatGPT_18" 0.871074513032339 0.97366824768194 0.951973978149068 0.86191397415774 0.862531609157654 0.885987438372832 0.898506850596126 0.863399792678637 0.842064402714748 0.867636843230705 0 0.992265934287838 0.948961908708162 0.92591730246216 0.874680429886952 0.871552735878964 0.774595965564383 0.781262592427214 0.902954291138729 0.967870357433276 0.841974424811436 0.905789891126965 0.974699879377568 0.895662007126077 0.868410518560733 0.890292978746082 0.931914387446509 0.912506483821228 0.734266809344055 1.01543035663064 0.955005942360995 0.953473208429408 0.957028605304355 0.872282404715266 0.926246867712725 0.997414281262225 1.10847658154747 0.994037147242212 0.969980536501023 0.950381578551985 1.00652092195927 0.848020890775556 0.933000368339632 0.939788052115306 1.04026327744453 1.02841315482794 0.984282263586823 1.08937039993577 1.06157266784743 0.984282263586823 0.831639512727933 0.914126647091445 0.952976241337965 1.00403959730289 1.05283456787657 0.952593846810392 0.867386406332838 0.932929576116961 0.901762760467291 0.965864833197837 0.885248652273238 0.998306984899978 0.899455510885251 0.921336215753946 1.03622551098228 0.9364877795513 0.964451780805834 0.832598460318771 1.01910882114786 1.00162975299237 0.922010178466826 0.946374423537595 0.991684435104375 1.02319770982241 0.906500483154189 1.05356847809048 1.06879452496663 0.938828600306992 0.886431959053131 0.841169836214825 0.866114485339233 0.904261773419619 0.841598679827663 0.931941403299613 1.04144930848021 0.887386297641791
"ChatGPT_19" 0.628545962055025 0.781449386608913 0.849793383851243 0.841985543867934 0.584486125956991 0.784436011177284 0.85534517025865 0.817510690432101 0.894538020842234 0.97844093573262 0.992265934287838 0 0.662033153907957 0.503357704044648 0.808548977020408 0.834411358876141 0.741955022996696 0.808861232365216 0.911813151266779 0.629581452240142 0.829693923771264 0.800562976751068 0.733969704223325 0.787685749554522 0.711621736680711 0.801309487061637 0.770891229876646 0.817764736392396 0.812600094491651 0.828685490177514 0.815970202474017 0.808894959883388 0.799750715647932 0.693761302856885 0.692525747318241 0.823396765802221 0.805149987569079 0.757095276080392 0.685061978760265 0.70592161450153 0.876510445085 0.805315068494759 0.747868992121226 0.712453069176801 0.740522201792903 0.835051290273196 0.785430492472816 0.796603095531927 0.843066834789943 0.785430492472816 0.651120241581787 0.738743592674635 0.824743860366311 0.791951157614743 0.720856216426189 0.770562365255847 0.790342116078342 0.867397578855893 0.911585936231393 0.798692831787415 0.896859333089121 0.7625986685911 0.65296785310132 0.556593633566485 0.824401629619053 0.728660563747607 0.696274825407015 0.914362603822818 0.903652345977817 0.820324144795526 0.862991890876374 0.587873480708855 0.924518711265183 0.875905274272664 0.810540169154281 0.795794921169959 0.829854105698914 0.822910688322514 0.829924475264771 0.690344915293914 0.764858293454953 0.793210691655902 0.695643127589302 0.83101101407701 0.842515170523844 0.650641027067552
"ChatGPT_2" 0.585886819219941 0.590182113787729 0.864757644276764 0.806451037069409 0.610007729889863 0.822501502396232 0.841812562899573 0.817340849755414 0.834508294985384 0.943092429351798 0.948961908708162 0.662033153907957 0 0.629071684681088 0.774599930053844 0.867328394970796 0.770372000302605 0.771591736288164 0.87467569184072 0.697010652286004 0.86785487832349 0.761266112197285 0.688019211617887 0.814582227019507 0.694933710596471 0.781480961179655 0.789170964130617 0.848129678204523 0.827979634438211 0.799027527136405 0.792559121317159 0.83720714344172 0.837230922817241 0.775461176727515 0.688234141184468 0.824776941025126 0.869724685072164 0.884786524608467 0.748586122826989 0.774179865000124 0.835267382759631 0.799802221074329 0.713268979484724 0.829647438773135 0.838439115276 0.83366650301901 0.873656386232056 0.925726801182441 0.931418223609469 0.873656386232056 0.573719759847966 0.585983566795643 0.859828713914928 0.88490991611639 0.811978774827862 0.868790068183782 0.809329718946482 0.906777981749151 0.896248148132231 0.824702637449974 0.916320256371568 0.871807282804428 0.535332426262144 0.709212081278213 0.809790385181345 0.754001462100514 0.761960758811735 0.947453730559696 0.900967791566197 0.856772137806476 0.835308515730923 0.689938014770822 0.968784865007358 0.869676753572328 0.789808843213576 0.786942552139784 0.919447069182938 0.764128235161914 0.764939551760364 0.632991679091429 0.756006191674668 0.812564612655197 0.729690223911949 0.829014416316575 0.875771614595592 0.740002875209373
"ChatGPT_20" 0.613647080916119 0.762400472678659 0.836439057731955 0.778344782372601 0.502468681686835 0.711239898986659 0.757725885615803 0.688367075914725 0.805337877974231 0.928417804871634 0.92591730246216 0.503357704044648 0.629071684681088 0 0.799109104286107 0.742938331217093 0.705050425466593 0.799172060181799 0.883981857774566 0.548528265140051 0.76852723392105 0.65094500942771 0.670942777396984 0.745574144839527 0.705973702945875 0.743395043952925 0.77861012417327 0.760077917451384 0.788169460558391 0.750985365389296 0.816503956831366 0.822655263997974 0.752821924314721 0.671022946810875 0.68795955607871 0.772995218726487 0.817964945161352 0.721275603465755 0.661225721502898 0.712653799980195 0.809188673699852 0.705977954408173 0.690020786051661 0.767770629591322 0.770660533526977 0.770382179092904 0.749752436115972 0.769540251428661 0.824616370583353 0.749752436115972 0.562851879650693 0.699346892551736 0.801881891888031 0.768961611365987 0.672541774530653 0.716860157136534 0.709969946022423 0.773750690386764 0.856326389443236 0.739064220927094 0.8551670045221 0.793476573553369 0.558182863801235 0.634279024434741 0.774642148794746 0.725873134139149 0.723828125416033 0.82215020150468 0.894248273312847 0.823508552362547 0.837139364359415 0.55035817079626 0.970093363022259 0.830053965206394 0.674818019668123 0.733633490737342 0.778400288741306 0.782081120000061 0.774205121659431 0.663062359462571 0.755769021163327 0.668998251438564 0.657807242194643 0.799863467858893 0.872403277754234 0.620527684117736
"ChatGPT_21" 0.727069031790974 0.859187278211432 0.684207623384743 0.676393217588773 0.748920431736239 0.774072247863725 0.942140253748079 0.87474039578995 0.656781945848602 0.880696819612404 0.874680429886952 0.808548977020408 0.774599930053844 0.799109104286107 0 0.788507605169637 0.808804687888756 0.746992811641212 0.870084677458748 0.741469274294014 0.812986011958259 0.886763672349108 0.818669775334629 0.708318192901717 0.767305980871453 0.759936241756078 0.770845408609187 0.713625544385573 0.659647751862653 0.790831861017581 0.678240129461523 0.733353984143213 0.828989684011116 0.737460503313477 0.778472453148326 0.76954280471676 0.898579570643707 0.897666643318977 0.822877380835819 0.738993038034181 0.712329635347126 0.811893427925483 0.771305944631982 0.762243560621884 0.811529536732982 0.844425106477102 0.838715086562443 0.813898838532681 0.867717556148394 0.838715086562443 0.65317121755912 0.769107806126992 0.767182562964714 0.782035677811142 0.917308102042758 0.821370161820257 0.91976793738181 0.877250545265567 0.736479093325221 0.720210857544092 0.819578825708913 0.865353380845813 0.716809803754871 0.750413908443729 0.854253221784827 0.673212558018308 0.570423959152875 0.827537896391016 0.716840367575114 0.769107626635677 0.740412323721332 0.746615208891026 1.01316720179425 0.828517564050427 0.876907033680747 0.901488413450975 0.953406039219774 0.835266363619133 0.809123380916251 0.693047340610305 0.685677938564655 0.777540583440347 0.654980998026272 0.719165534290199 0.813110089927323 0.820288458074542
"ChatGPT_22" 0.760049957276431 0.893922794984496 0.780480025305226 0.770156999461713 0.661607599983892 0.740480087513677 0.799738274392574 0.776321340582725 0.823177273893379 0.872127788191467 0.871552735878964 0.834411358876141 0.867328394970796 0.742938331217093 0.788507605169637 0 0.69606233473934 0.768939171010608 0.835209054026565 0.815521106359877 0.712627617772901 0.673819871386365 0.685459549371379 0.789074496308937 0.763001549281328 0.713679552020599 0.733066655461564 0.740152062060349 0.798483595426403 0.782611697154601 0.75353043495534 0.779877568611681 0.865593507425952 0.785644815700877 0.698785237369186 0.769406008892617 0.915541046794014 0.851233791469731 0.781491325008673 0.719227418983405 0.816822248490045 0.609779093781306 0.728877288823609 0.742031732861534 0.867354350679145 0.771286217215712 0.787610834525413 0.786064348634682 0.851421291433068 0.787610834525413 0.658790277787047 0.778345810154717 0.813547835976205 0.785549739974326 0.901155862650939 0.825329279141019 0.848704419188118 0.83471848551697 0.770952999830411 0.770622013637385 0.868079701671457 0.862055787673337 0.667296610723298 0.799756108510955 0.884227457387652 0.839695753377109 0.796309117619552 0.610158077988982 0.914526907579777 0.851424299128788 0.817037138520061 0.707500692786396 0.882788628544068 0.81120407507016 0.69840233412862 0.791257480674784 0.934795977046445 0.796625720159907 0.788618587565636 0.671595493027646 0.653533612027266 0.826891770966874 0.687843085663226 0.823441097738174 0.900206488119437 0.784803520248701
"ChatGPT_23" 0.70229224184413 0.844227744521374 0.84216985577401 0.796937720809426 0.707141504620596 0.718232843366407 0.752227068323442 0.738878714947123 0.813525476571246 0.825504760671831 0.774595965564383 0.741955022996696 0.770372000302605 0.705050425466593 0.808804687888756 0.69606233473934 0 0.675527553309812 0.815040771630911 0.830597466736988 0.673685357474665 0.76083947464151 0.834486356576921 0.810682472011708 0.779640010731118 0.70474423267766 0.685952571793173 0.744464749139637 0.727352983272996 0.890398787035321 0.785323110551359 0.874448405255774 0.844471521971482 0.787519311633442 0.723047568326543 0.781960218391931 0.882653446899397 0.814190474912822 0.727769410063166 0.730366359445607 0.801029633463365 0.714821417887089 0.785182373855628 0.680909217664474 0.831048671587072 0.824501694120025 0.766765186438177 0.742265748282592 0.83792000991614 0.766765186438177 0.661558287546416 0.760828951067154 0.788371828906018 0.934303689192759 0.890970176672039 0.842217220115627 0.752093798321084 0.856148099586557 0.828175621155185 0.839463930259362 0.790168796020048 0.882839728822732 0.72386918437294 0.753258214034507 0.879376255104287 0.786445932111008 0.791176563524454 0.657564131662422 0.861602808699651 0.800891506996658 0.823375733776201 0.741572574389671 0.696051551410264 0.793362952664227 0.705461795401987 0.822953242623818 0.946609357231416 0.783258481040978 0.744472873029392 0.722541259349107 0.735903195673232 0.777451367713817 0.728594057185946 0.851766701771666 0.880022152325166 0.791623255727532
"ChatGPT_24" 0.667134312017287 0.864590260182946 0.623577096690341 0.700139185805368 0.700122409055951 0.662208024370924 0.770238581841606 0.674228390311039 0.785999211721697 0.83783447086923 0.781262592427214 0.808861232365216 0.771591736288164 0.799172060181799 0.746992811641212 0.768939171010608 0.675527553309812 0 0.736497158146931 0.808868773499962 0.737166659367567 0.822040131472863 0.806395628095419 0.826548672097001 0.778159620926093 0.693744826928765 0.685957042760089 0.696429594649107 0.680253254185434 0.800322126635453 0.705797292231974 0.781634493095228 0.820525331727206 0.739317134876485 0.761852026172944 0.803243374965173 0.961569157653079 0.880184115362606 0.761694438976587 0.714317995244191 0.716217252286956 0.745124119928474 0.717664106223416 0.797678177199106 0.849192011946814 0.887873107440732 0.803798949612837 0.839191817716225 0.90834014154882 0.803798949612837 0.695354528923611 0.780904371159751 0.844372782288548 0.874989306754766 0.887878582822543 0.763816792877526 0.688824655910133 0.795101405076072 0.825182995532957 0.796321125609259 0.839049630234131 0.876845795725571 0.744475086877054 0.776241460349743 0.901473119430525 0.730541474137242 0.764232653769006 0.817344629053952 0.837852733359169 0.606443191205106 0.667781915148167 0.759297954563246 0.871445082596764 0.843660742219828 0.799829185263114 0.926468469998265 0.990881734278227 0.745665608334518 0.73395020117099 0.621364748799234 0.71543686900228 0.808575146451341 0.762873793881231 0.785194901205269 0.873560699345629 0.833672560686013
"ChatGPT_25" 0.785010741296427 0.8698166778356 0.821753671211403 0.898991924690015 0.792713410287245 0.839034507635162 0.956347703894211 0.853703276470088 0.849620651946674 0.846111450157478 0.902954291138729 0.911813151266779 0.87467569184072 0.883981857774566 0.870084677458748 0.835209054026565 0.815040771630911 0.736497158146931 0 0.88298513933934 0.858057977915727 0.837150106325664 0.855425685042655 0.830048387344935 0.746839734825658 0.850093620615907 0.880390958362055 0.882209669146187 0.794840678141323 0.896835203788638 0.891470457353016 0.907059744740999 0.870545889836403 0.862263866250475 0.720741061758305 0.825683941157989 0.997980663826365 0.95279525217568 0.819313333538335 0.770976176915129 0.851232356464518 0.861865906957153 0.915989812368437 0.811279915900773 0.915801735785892 0.926377669914572 0.839463999721968 0.973117867385523 0.828831317185969 0.839463999721968 0.721002650786542 0.809708280968251 0.801097096189311 0.809390721219371 0.954653610814101 0.806601944083878 0.831001751311983 0.881972344597758 0.708298306342268 0.871365626297782 0.909773345716303 0.956275802795097 0.756410149029235 0.818004528845742 0.908456398708919 0.877018849916371 0.899486669430445 0.879011434394168 0.964008642051276 0.727416239771678 0.696490348346521 0.851311249057097 0.934466206208082 0.848725266580824 0.840843382105223 0.952835747493945 0.99551425302313 0.865805927618402 0.822006778942142 0.678594788992008 0.725291234087077 0.77404873330258 0.770029949182001 0.712999648351104 0.817916611575315 0.820007467206023
"ChatGPT_26" 0.60993612045812 0.769956138671999 0.781176448478761 0.832839845948107 0.483371942815067 0.797189288575142 0.848739719852223 0.796769850647573 0.780895525344818 0.969915506299972 0.967870357433276 0.629581452240142 0.697010652286004 0.548528265140051 0.741469274294014 0.815521106359877 0.830597466736988 0.808868773499962 0.88298513933934 0 0.808883986727681 0.776571895842679 0.677451983460014 0.712093200254163 0.678072736662326 0.759808013436869 0.72790123194669 0.735487313963466 0.766315248709326 0.802428790216686 0.770203634769485 0.780714131593594 0.82437805707278 0.701513339233923 0.698409264000748 0.753116544279054 0.915542050385374 0.818936245643727 0.739463187928822 0.745937027026997 0.769207604451537 0.821784321192262 0.762504291640291 0.777628046427832 0.792249416317893 0.857197270828871 0.820408354738153 0.829030366174653 0.889789867207061 0.820408354738153 0.552501926433322 0.691189715407027 0.795387250651755 0.771321588174629 0.65398219145029 0.754068156186062 0.794919640393574 0.845825702377133 0.846256586121649 0.681165596467516 0.805313782927659 0.773488855043656 0.56091074924565 0.708063366885572 0.864807216082119 0.657197954098331 0.742225419826495 0.858792265744066 0.893646326559299 0.807794338048083 0.8248561805778 0.538503484537249 0.993727734012926 0.803072610298235 0.79184648035643 0.722055562382238 0.814316913692832 0.767728313579223 0.733624871999012 0.646789698193248 0.687361914974049 0.738249056016533 0.714070686836657 0.788707412375739 0.847859430711842 0.659787915020485
"ChatGPT_27" 0.772981962775987 0.848374401030007 0.718968403395462 0.772869445019089 0.700647592545616 0.652319806168797 0.777422240103543 0.758272504886395 0.780246652521076 0.868218578135765 0.841974424811436 0.829693923771264 0.86785487832349 0.76852723392105 0.812986011958259 0.712627617772901 0.673685357474665 0.737166659367567 0.858057977915727 0.808883986727681 0 0.619686114935439 0.797776662394977 0.840034744081936 0.719054547756167 0.688397260170343 0.684384492189268 0.701059402663817 0.754261434392983 0.808488278204808 0.78793768827745 0.841180519285145 0.859694885589234 0.766887799423521 0.756595136930682 0.805117195808119 1.0074002118258 0.867103924147986 0.7667581986603 0.791645751331369 0.791601136628208 0.738058539836315 0.840384171607331 0.802344304725294 0.858500547374694 0.848148631617463 0.81568210349968 0.784198848927628 0.869242650314833 0.81568210349968 0.704110321584115 0.811759910558286 0.794478570132385 0.779558818866184 0.905196648715094 0.7666117140431 0.813802965504843 0.825610792202481 0.873276847597722 0.748963194707531 0.860727321922791 0.856148210637011 0.73121679903508 0.789403824221291 0.894442602535896 0.793498164434058 0.792596578916035 0.764507640448017 0.897692127583933 0.778724902271416 0.814527747426504 0.767010675122011 0.69287424107535 0.82018477377848 0.604835591292555 0.918990069647402 0.950950513438872 0.745163926627029 0.673142341773684 0.654078555736868 0.666877808756018 0.763510947783647 0.712859742205418 0.736624643989642 0.876617065245034 0.863201296380072
"ChatGPT_28" 0.679191540244168 0.759993436041376 0.888473286771424 0.817989607644607 0.682216275284984 0.714669580787264 0.681806339684388 0.743276700254416 0.83105648826352 0.905312504160655 0.905789891126965 0.800562976751068 0.761266112197285 0.65094500942771 0.886763672349108 0.673819871386365 0.76083947464151 0.822040131472863 0.837150106325664 0.776571895842679 0.619686114935439 0 0.720932061105501 0.7810734525327 0.763859165968889 0.741023972581383 0.746602041090465 0.774818967723726 0.806007049780762 0.864319468719381 0.880229106243512 0.892460634323799 0.808044002301103 0.815760979606603 0.687837321893335 0.842384973685389 0.908999496153086 0.799874151306004 0.750454582394972 0.806718906251142 0.799448697261228 0.675436284879085 0.7450350600283 0.781843391954793 0.860997831508433 0.795086822919102 0.784671621406067 0.909746675702866 0.879222422844932 0.784671621406067 0.644086803071888 0.692243650528556 0.827661572186964 0.774426811351072 0.835041804073415 0.747547312387222 0.716415599420508 0.761098937248576 0.844320535069885 0.798342895270857 0.861819585813805 0.837143500219243 0.645849035560725 0.706938859641977 0.849192975092444 0.830285873240783 0.813731009893471 0.774990086570786 0.921049905983878 0.907841014744627 0.896499715266581 0.732866996943308 0.791137975304608 0.82138463307931 0.314586530496588 0.805971589302648 0.859943216652873 0.768824528201499 0.731121841532553 0.666974082129046 0.699696264861238 0.79666571537184 0.694099814278325 0.88537064428497 0.896886777343216 0.716301405579895
"ChatGPT_29" 0.639125326055179 0.79023326149937 0.76963475407927 0.812310846072635 0.548929361096299 0.754708042190366 0.816887214401068 0.748800934893027 0.753967741728392 0.901168854436502 0.974699879377568 0.733969704223325 0.688019211617887 0.670942777396984 0.818669775334629 0.685459549371379 0.834486356576921 0.806395628095419 0.855425685042655 0.677451983460014 0.797776662394977 0.720932061105501 0 0.766471933198163 0.455460568117037 0.821453968086684 0.811524538537352 0.830701590964467 0.773660074741316 0.709322817012827 0.802111768492384 0.68281393356966 0.776444939691938 0.650076696468689 0.662791492637495 0.748375856988897 0.914457815762606 0.82235711326094 0.753403694787354 0.655167486285825 0.794791518116167 0.760838656361947 0.718838764474182 0.730911457233185 0.792660712710454 0.844946905396529 0.774865336115348 0.868075725647941 0.877447248859348 0.774865336115348 0.616845677808837 0.721294829622128 0.824377303514409 0.808612643694677 0.804769900121817 0.675002902656866 0.76607238177378 0.84306407515826 0.764564955870577 0.646438330477503 0.851019167484532 0.806362819304416 0.59744866733084 0.747175216743589 0.890452506523454 0.736784527930804 0.745006187001598 0.836678139704088 0.964023740734946 0.767426187960561 0.869199220933303 0.67104011921063 0.97208619731574 0.784680614502771 0.751183406713564 0.620941286420314 0.61976871713803 0.721682406291758 0.693506750641276 0.598621775826016 0.649935035282347 0.780814180564988 0.686499057929561 0.790806640713973 0.856052341651761 0.578977004267055
"ChatGPT_3" 0.673951164856971 0.794195728232066 0.748173820762356 0.698166657328586 0.663086831084497 0.78711663700778 0.894025558154112 0.793235258106203 0.673624039204909 0.906410507868984 0.895662007126077 0.787685749554522 0.814582227019507 0.745574144839527 0.708318192901717 0.789074496308937 0.810682472011708 0.826548672097001 0.830048387344935 0.712093200254163 0.840034744081936 0.7810734525327 0.766471933198163 0 0.657177346514935 0.775087200051813 0.790907937390949 0.744651211991495 0.653128418722729 0.7960425607594 0.786408642666348 0.70451322055169 0.765146263104347 0.747114420336081 0.746276351769629 0.797249532826007 0.920519837492562 0.905148789339354 0.724752155611537 0.735486390382414 0.796878264675071 0.850359734632726 0.77720846192254 0.739942100055851 0.777700421157073 0.805098556309728 0.852938467713922 0.816400315305759 0.836263607585173 0.852938467713922 0.656528285803711 0.709310022815945 0.694789130860113 0.673530605021665 0.800868971758082 0.785995059835513 0.783361011576495 0.803307854325361 0.743509025486795 0.697010260780672 0.780760094277809 0.767733124314658 0.644831759869641 0.708382354418609 0.867559067662234 0.708819167315835 0.650889927869052 0.851962778115926 0.832505354773755 0.799756877591693 0.859742665866009 0.753579190471366 1.05047057354695 0.730493791425794 0.820920652182764 0.729494777569474 0.788548345766603 0.864406694482225 0.780708966187559 0.637031520443976 0.645666399412208 0.685788685364689 0.647171966662778 0.706034198420922 0.783670659448914 0.715561874536357
"ChatGPT_30" 0.590922749271226 0.766841466155386 0.742498396294323 0.746607756121155 0.607058200587399 0.680071597990034 0.822239436592527 0.755058979286931 0.701120664802187 0.780828478766881 0.868410518560733 0.711621736680711 0.694933710596471 0.705973702945875 0.767305980871453 0.763001549281328 0.779640010731118 0.778159620926093 0.746839734825658 0.678072736662326 0.719054547756167 0.763859165968889 0.455460568117037 0.657177346514935 0 0.736486216561714 0.757923125703626 0.722508000852863 0.730554902580097 0.699362672818426 0.758083262493578 0.737857669390949 0.720697631365788 0.655573922637135 0.685368817241058 0.718136231879849 0.867369483238951 0.813950148728882 0.725409829834705 0.667337642624048 0.760179080784893 0.753306089056799 0.755437147243803 0.730835008219303 0.773508834910819 0.852428908562716 0.804892008376764 0.882201976416722 0.821699916722709 0.804892008376764 0.578092509132173 0.685329728111454 0.759193244460951 0.714208257268956 0.821969621432893 0.730211048361362 0.773389498611959 0.773250689524388 0.686751622632967 0.696735406567125 0.752015798463814 0.760168111650276 0.569546563499099 0.677477520559688 0.818581557654916 0.696984561886565 0.718912589385711 0.84792857176344 0.892347035522558 0.711141044747747 0.781974316522734 0.664443185347597 0.955849123492446 0.77415471492458 0.780674088788505 0.559565102871145 0.630147124986865 0.721970209299177 0.645055628912351 0.591526956248547 0.611185394008393 0.677754791146334 0.590090620354833 0.716602695754394 0.846148047059075 0.627717217859736
